20
-8.024411
-6.066563
0.23754597
2.4783564
-3.0811644
9.197472
6.556345
8.370356
-0.051573753
0.40651226
3.8747358
9.552004
-7.7476225
-4.6251655
3.2067251
-7.2784176
4.1184654
-9.447807
5.0191326
-9.15712
-6.57542
-7.4978313
4.105955
-5.709797
-5.1742373
-7.105361
-9.4983015
9.032282
7.196844
9.057524
-9.037131
-7.8460956
-0.415905
6.4164753
-3.6819386
-9.395652
-8.684835
7.264019
-9.968018
9.8583145
-8.325956
-6.8010306
-3.0361595
5.6662006
-8.110484
7.532007
-3.0955133
7.5570908
-3.1034184
-4.45352
-7.5088463
-1.6470127
7.7584953
1.6289988
-2.972659
-6.417552
-4.3076444
-4.850503
5.1448555
-9.915966